alsa_card.pci-0000:00:1f.3:input:analog-input-internal-mic mute:1 volumes:2,0.051590,0.051590
alsa_card.pci-0000:00:1f.3:output:analog-output-speaker mute:0 volumes:2,0.917267,0.917267
alsa_card.pci-0000:01:00.1:output:hdmi-output-0 mute:0 volumes:2,1.000000,1.000000
